   0   0.00 |   66.8   55.5   24.6 1.203 0.443 |   39.6   32.3   13.8 1.226 0.428 |   23.9   21.5   11.9 1.111 0.556
   1   0.03 |   66.9   55.6   24.7 1.202 0.443 |   39.7   32.4   13.9 1.226 0.428 |   23.8   21.5   12.0 1.109 0.556
   2   0.07 |   66.8   55.6   24.6 1.202 0.443 |   39.6   32.3   13.8 1.226 0.428 |   23.8   21.5   11.9 1.109 0.555
   3   0.10 |   66.8   55.6   24.7 1.202 0.444 |   39.6   32.4   13.9 1.225 0.429 |   23.9   21.5   12.0 1.109 0.557
   4   0.13 |   66.9   55.7   24.6 1.203 0.443 |   39.7   32.4   13.8 1.226 0.427 |   23.9   21.6   11.9 1.108 0.554
   5   0.17 |   66.8   55.6   24.7 1.202 0.444 |   39.6   32.3   13.8 1.225 0.428 |   23.9   21.5   12.0 1.110 0.556
   6   0.20 |   66.8   55.6   24.6 1.203 0.443 |   39.7   32.3   13.8 1.227 0.427 |   23.9   21.5   12.0 1.111 0.556
   7   0.23 |   67.0   55.7   24.7 1.202 0.443 |   39.8   32.4   13.9 1.225 0.428 |   24.0   21.6   12.0 1.109 0.556
   8   0.27 |   66.9   55.6   24.6 1.203 0.444 |   39.6   32.3   13.8 1.226 0.428 |   23.9   21.6   12.0 1.111 0.556
   9   0.30 |   66.9   55.6   24.7 1.203 0.444 |   39.7   32.4   13.9 1.225 0.428 |   24.0   21.6   12.0 1.109 0.556
  10   0.33 |   67.0   55.7   24.7 1.203 0.443 |   39.7   32.4   13.8 1.226 0.427 |   23.9   21.6   12.0 1.109 0.555
  11   0.37 |   66.9   55.6   24.6 1.203 0.443 |   39.6   32.3   13.8 1.225 0.427 |   24.0   21.6   12.0 1.110 0.555
  12   0.40 |   66.9   55.7   24.7 1.202 0.443 |   39.7   32.4   13.8 1.226 0.428 |   23.9   21.6   12.0 1.108 0.556
  13   0.43 |   66.9   55.7   24.7 1.202 0.443 |   39.7   32.4   13.9 1.225 0.428 |   24.0   21.6   12.0 1.109 0.554
  14   0.47 |   66.9   55.7   24.7 1.202 0.443 |   39.6   32.3   13.8 1.226 0.428 |   24.0   21.6   12.0 1.109 0.555
  15   0.50 |   66.9   55.7   24.7 1.202 0.443 |   39.7   32.4   13.8 1.226 0.428 |   24.0   21.7   12.0 1.108 0.556
  16   0.53 |   67.0   55.8   24.7 1.202 0.443 |   39.8   32.4   13.9 1.226 0.427 |   24.1   21.7   12.1 1.108 0.556
  17   0.57 |   67.1   55.9   24.8 1.201 0.444 |   39.7   32.4   13.9 1.225 0.428 |   24.2   21.9   12.2 1.107 0.556
  18   0.60 |   67.2   56.0   24.9 1.200 0.444 |   39.8   32.5   13.9 1.224 0.428 |   24.4   22.1   12.3 1.104 0.557
  19   0.63 |   67.4   56.2   25.0 1.199 0.445 |   39.9   32.6   14.0 1.224 0.428 |   24.5   22.3   12.4 1.102 0.558
  20   0.67 |   67.4   56.2   25.0 1.198 0.445 |   39.8   32.6   14.0 1.223 0.429 |   24.6   22.3   12.5 1.100 0.559
  21   0.70 |   67.5   56.3   25.1 1.198 0.445 |   39.9   32.6   14.0 1.223 0.428 |   24.6   22.3   12.5 1.101 0.559
  22   0.73 |   67.5   56.3   25.1 1.199 0.445 |   40.0   32.7   14.0 1.223 0.429 |   24.6   22.3   12.5 1.102 0.558
  23   0.77 |   67.3   56.1   25.0 1.200 0.445 |   39.8   32.6   14.0 1.223 0.429 |   24.4   22.2   12.4 1.103 0.557
  24   0.80 |   67.2   56.0   24.8 1.201 0.444 |   39.8   32.5   13.9 1.225 0.428 |   24.3   22.0   12.2 1.105 0.556
  25   0.83 |   67.1   55.8   24.7 1.203 0.443 |   39.8   32.5   13.9 1.226 0.427 |   24.1   21.7   12.0 1.110 0.555
  26   0.87 |   66.8   55.4   24.5 1.204 0.442 |   39.6   32.3   13.8 1.227 0.427 |   23.8   21.4   11.8 1.112 0.553
  27   0.90 |   66.6   55.2   24.4 1.206 0.441 |   39.6   32.2   13.7 1.228 0.426 |   23.6   21.1   11.7 1.116 0.552
  28   0.93 |   66.4   55.0   24.3 1.207 0.441 |   39.6   32.2   13.7 1.229 0.426 |   23.3   20.9   11.5 1.120 0.552
  29   0.97 |   66.1   54.7   24.1 1.208 0.440 |   39.4   32.0   13.7 1.230 0.427 |   23.1   20.6   11.3 1.121 0.549
  30   1.00 |   66.0   54.5   23.9 1.210 0.439 |   39.3   31.9   13.6 1.231 0.426 |   22.8   20.2   11.1 1.127 0.547
  31   1.03 |   65.9   54.4   23.8 1.212 0.438 |   39.3   31.9   13.6 1.233 0.425 |   22.6   20.0   10.9 1.131 0.546
  32   1.07 |   65.5   54.0   23.6 1.213 0.438 |   39.1   31.7   13.5 1.232 0.425 |   22.3   19.7   10.7 1.134 0.545
  33   1.10 |   65.4   53.8   23.5 1.215 0.436 |   39.1   31.7   13.4 1.234 0.423 |   22.1   19.5   10.5 1.137 0.542
  34   1.13 |   65.3   53.7   23.4 1.216 0.436 |   39.1   31.7   13.4 1.234 0.424 |   21.9   19.2   10.4 1.140 0.540
  35   1.17 |   65.1   53.5   23.3 1.217 0.435 |   39.0   31.6   13.4 1.235 0.424 |   21.7   19.0   10.2 1.143 0.538
  36   1.20 |   65.0   53.3   23.1 1.218 0.434 |   39.0   31.5   13.3 1.237 0.423 |   21.5   18.7   10.1 1.148 0.537
  37   1.23 |   64.9   53.2   23.1 1.218 0.434 |   39.0   31.5   13.4 1.237 0.423 |   21.3   18.6   10.0 1.150 0.536
  38   1.27 |   64.7   53.0   22.9 1.219 0.433 |   38.9   31.4   13.3 1.238 0.422 |   21.2   18.4    9.8 1.151 0.533
  39   1.30 |   64.6   52.9   22.9 1.220 0.433 |   38.8   31.4   13.3 1.238 0.423 |   21.0   18.3    9.7 1.152 0.533
  40   1.33 |   64.6   52.9   22.8 1.221 0.432 |   38.9   31.4   13.3 1.239 0.422 |   21.0   18.1    9.6 1.156 0.531
  41   1.37 |   64.4   52.7   22.8 1.221 0.432 |   38.7   31.3   13.2 1.238 0.422 |   20.8   18.0    9.6 1.155 0.533
  42   1.40 |   64.3   52.7   22.7 1.222 0.432 |   38.7   31.3   13.2 1.239 0.422 |   20.8   18.0    9.6 1.158 0.531
  43   1.43 |   64.4   52.7   22.8 1.222 0.432 |   38.8   31.3   13.2 1.241 0.422 |   20.8   18.0    9.6 1.158 0.532
  44   1.47 |   64.3   52.6   22.7 1.223 0.431 |   38.7   31.2   13.2 1.241 0.422 |   20.7   17.9    9.5 1.159 0.532
  45   1.50 |   64.3   52.6   22.6 1.222 0.431 |   38.7   31.2   13.2 1.240 0.421 |   20.7   17.9    9.5 1.159 0.530
  46   1.53 |   64.3   52.6   22.7 1.223 0.431 |   38.8   31.3   13.2 1.241 0.421 |   20.7   17.9    9.5 1.161 0.530
  47   1.57 |   64.2   52.5   22.6 1.223 0.431 |   38.7   31.2   13.2 1.241 0.422 |   20.6   17.8    9.4 1.161 0.530
  48   1.60 |   64.2   52.5   22.6 1.223 0.431 |   38.7   31.2   13.1 1.241 0.422 |   20.6   17.7    9.4 1.160 0.529
  49   1.63 |   64.2   52.5   22.6 1.223 0.431 |   38.8   31.2   13.2 1.241 0.422 |   20.6   17.7    9.4 1.160 0.529
  50   1.67 |   64.1   52.3   22.5 1.224 0.431 |   38.7   31.2   13.1 1.241 0.422 |   20.5   17.6    9.3 1.162 0.530
  51   1.70 |   64.1   52.4   22.6 1.224 0.430 |   38.7   31.2   13.1 1.241 0.422 |   20.5   17.6    9.3 1.163 0.529
  52   1.73 |   64.1   52.4   22.5 1.224 0.430 |   38.8   31.2   13.1 1.242 0.421 |   20.5   17.6    9.3 1.162 0.528
  53   1.77 |   64.1   52.4   22.5 1.224 0.430 |   38.6   31.1   13.1 1.241 0.421 |   20.5   17.6    9.3 1.163 0.529
  54   1.80 |   64.1   52.3   22.5 1.225 0.430 |   38.7   31.1   13.1 1.241 0.421 |   20.5   17.6    9.3 1.163 0.527
  55   1.83 |   64.2   52.4   22.5 1.224 0.430 |   38.7   31.2   13.1 1.241 0.421 |   20.4   17.6    9.3 1.161 0.529
  56   1.87 |   64.1   52.4   22.6 1.224 0.431 |   38.6   31.1   13.1 1.242 0.421 |   20.4   17.6    9.3 1.162 0.530
  57   1.90 |   64.1   52.4   22.6 1.224 0.430 |   38.7   31.2   13.1 1.241 0.421 |   20.5   17.7    9.3 1.160 0.529
  58   1.93 |   64.3   52.5   22.6 1.223 0.431 |   38.8   31.3   13.2 1.241 0.421 |   20.6   17.7    9.4 1.162 0.529
  59   1.97 |   64.1   52.4   22.6 1.223 0.431 |   38.7   31.2   13.1 1.240 0.421 |   20.5   17.7    9.4 1.159 0.531
  60   2.00 |   64.1   52.5   22.6 1.223 0.431 |   38.7   31.2   13.1 1.240 0.421 |   20.5   17.7    9.4 1.158 0.530
  61   2.03 |   64.4   52.6   22.7 1.223 0.431 |   38.8   31.3   13.2 1.240 0.422 |   20.6   17.8    9.4 1.158 0.531
  62   2.07 |   64.2   52.5   22.7 1.223 0.432 |   38.7   31.2   13.2 1.240 0.422 |   20.6   17.8    9.5 1.159 0.533
  63   2.10 |   64.3   52.6   22.7 1.223 0.431 |   38.8   31.2   13.2 1.241 0.422 |   20.7   17.8    9.5 1.160 0.531
  64   2.13 |   64.4   52.7   22.7 1.223 0.431 |   38.8   31.3   13.2 1.240 0.421 |   20.7   17.9    9.5 1.159 0.532
  65   2.17 |   64.3   52.6   22.7 1.222 0.432 |   38.8   31.3   13.2 1.240 0.422 |   20.7   17.9    9.5 1.157 0.533
  66   2.20 |   64.3   52.7   22.8 1.222 0.432 |   38.8   31.3   13.2 1.239 0.422 |   20.7   17.9    9.6 1.157 0.533
  67   2.23 |   64.5   52.8   22.8 1.221 0.432 |   38.8   31.4   13.2 1.238 0.422 |   20.8   18.0    9.6 1.154 0.532
  68   2.27 |   64.4   52.7   22.8 1.222 0.432 |   38.8   31.3   13.2 1.240 0.423 |   20.8   18.0    9.6 1.154 0.533
  69   2.30 |   64.3   52.7   22.8 1.221 0.432 |   38.8   31.3   13.2 1.238 0.423 |   20.8   18.0    9.6 1.154 0.533
  70   2.33 |   64.5   52.8   22.8 1.221 0.432 |   38.9   31.4   13.2 1.239 0.422 |   20.9   18.1    9.6 1.154 0.532
  71   2.37 |   64.4   52.8   22.8 1.221 0.432 |   38.8   31.3   13.2 1.240 0.422 |   20.9   18.1    9.6 1.153 0.533
  72   2.40 |   64.5   52.8   22.8 1.220 0.432 |   38.8   31.3   13.2 1.238 0.421 |   20.9   18.1    9.6 1.153 0.532
  73   2.43 |   64.6   52.9   22.8 1.221 0.432 |   38.9   31.4   13.2 1.240 0.421 |   20.9   18.1    9.7 1.155 0.533
  74   2.47 |   64.4   52.7   22.8 1.221 0.432 |   38.8   31.3   13.2 1.239 0.423 |   20.9   18.1    9.6 1.155 0.533
  75   2.50 |   64.4   52.8   22.8 1.220 0.432 |   38.8   31.3   13.2 1.237 0.422 |   20.9   18.1    9.6 1.154 0.533
  76   2.53 |   64.6   52.9   22.9 1.221 0.432 |   38.9   31.4   13.2 1.241 0.422 |   20.9   18.1    9.7 1.154 0.534
  77   2.57 |   64.4   52.8   22.8 1.220 0.432 |   38.8   31.3   13.2 1.238 0.422 |   20.9   18.1    9.7 1.153 0.534
  78   2.60 |   64.4   52.8   22.8 1.221 0.432 |   38.8   31.3   13.2 1.238 0.422 |   20.9   18.1    9.6 1.153 0.532
  79   2.63 |   64.5   52.8   22.8 1.221 0.432 |   38.9   31.4   13.2 1.240 0.422 |   20.9   18.1    9.6 1.153 0.532
  80   2.67 |   64.4   52.8   22.8 1.220 0.432 |   38.8   31.3   13.2 1.239 0.423 |   20.9   18.1    9.6 1.153 0.533
  81   2.70 |   64.4   52.7   22.8 1.221 0.432 |   38.8   31.3   13.2 1.238 0.423 |   20.8   18.1    9.6 1.153 0.533
  82   2.73 |   64.5   52.8   22.8 1.221 0.432 |   38.8   31.3   13.2 1.239 0.422 |   20.9   18.1    9.6 1.153 0.532
  83   2.77 |   64.4   52.7   22.8 1.221 0.432 |   38.8   31.3   13.2 1.240 0.422 |   20.8   18.0    9.6 1.154 0.533
  84   2.80 |   64.4   52.8   22.8 1.221 0.432 |   38.8   31.3   13.2 1.238 0.422 |   20.8   18.1    9.6 1.153 0.533
  85   2.83 |   64.5   52.8   22.8 1.222 0.432 |   38.9   31.3   13.2 1.240 0.422 |   20.9   18.1    9.6 1.156 0.533
  86   2.87 |   64.4   52.7   22.8 1.221 0.432 |   38.8   31.3   13.2 1.240 0.423 |   20.8   18.0    9.6 1.155 0.534
  87   2.90 |   64.4   52.8   22.8 1.221 0.432 |   38.8   31.3   13.2 1.238 0.422 |   20.9   18.1    9.6 1.154 0.532
  88   2.93 |   64.5   52.8   22.8 1.221 0.431 |   38.9   31.4   13.2 1.239 0.421 |   20.9   18.1    9.6 1.153 0.532
  89   2.97 |   64.4   52.7   22.8 1.221 0.432 |   38.8   31.3   13.2 1.239 0.422 |   20.9   18.1    9.6 1.155 0.533
  90   3.00 |   64.4   52.7   22.8 1.221 0.432 |   38.8   31.3   13.2 1.240 0.422 |   20.8   18.1    9.6 1.154 0.532
  91   3.03 |   64.5   52.8   22.8 1.221 0.432 |   38.9   31.4   13.2 1.238 0.421 |   20.9   18.1    9.6 1.155 0.532
  92   3.07 |   64.4   52.7   22.8 1.221 0.432 |   38.8   31.3   13.2 1.240 0.422 |   20.9   18.0    9.6 1.156 0.533
  93   3.10 |   64.4   52.7   22.8 1.222 0.432 |   38.8   31.3   13.2 1.240 0.423 |   20.8   18.0    9.6 1.154 0.533
  94   3.13 |   64.5   52.8   22.8 1.222 0.431 |   38.9   31.4   13.2 1.239 0.422 |   20.9   18.1    9.6 1.156 0.531
  95   3.17 |   64.4   52.7   22.8 1.221 0.432 |   38.8   31.3   13.2 1.238 0.422 |   20.8   18.0    9.6 1.154 0.533
  96   3.20 |   64.4   52.8   22.8 1.221 0.432 |   38.8   31.3   13.2 1.239 0.422 |   20.8   18.0    9.6 1.154 0.534
  97   3.23 |   64.5   52.8   22.8 1.221 0.432 |   38.9   31.4   13.3 1.238 0.422 |   20.9   18.1    9.6 1.155 0.533
  98   3.27 |   64.4   52.7   22.7 1.222 0.432 |   38.8   31.3   13.2 1.239 0.422 |   20.8   18.0    9.6 1.155 0.532
  99   3.30 |   64.4   52.7   22.8 1.221 0.431 |   38.8   31.3   13.2 1.238 0.421 |   20.8   18.0    9.6 1.154 0.532
 100   3.33 |   64.4   52.8   22.8 1.221 0.431 |   38.9   31.3   13.2 1.240 0.422 |   20.8   18.0    9.6 1.155 0.532
 101   3.37 |   64.3   52.6   22.7 1.222 0.431 |   38.8   31.3   13.2 1.241 0.422 |   20.8   18.0    9.6 1.156 0.532
 102   3.40 |   64.3   52.7   22.7 1.222 0.431 |   38.8   31.3   13.2 1.240 0.422 |   20.8   18.0    9.5 1.157 0.530
 103   3.43 |   64.4   52.7   22.7 1.222 0.431 |   38.9   31.3   13.2 1.240 0.422 |   20.8   18.0    9.5 1.157 0.531
 104   3.47 |   64.2   52.6   22.7 1.221 0.431 |   38.7   31.2   13.2 1.240 0.422 |   20.7   17.9    9.5 1.156 0.531
 105   3.50 |   64.4   52.7   22.7 1.222 0.431 |   38.8   31.3   13.2 1.240 0.421 |   20.7   17.9    9.5 1.158 0.530
 106   3.53 |   64.4   52.7   22.7 1.223 0.431 |   38.8   31.3   13.2 1.241 0.421 |   20.7   17.9    9.4 1.157 0.529
 107   3.57 |   64.3   52.6   22.7 1.222 0.431 |   38.8   31.2   13.2 1.241 0.422 |   20.6   17.9    9.5 1.156 0.530
 108   3.60 |   64.3   52.6   22.6 1.223 0.430 |   38.8   31.3   13.2 1.240 0.421 |   20.6   17.8    9.4 1.159 0.530
 109   3.63 |   64.3   52.6   22.6 1.223 0.430 |   38.8   31.3   13.2 1.241 0.421 |   20.6   17.8    9.4 1.159 0.529
 110   3.67 |   64.1   52.4   22.6 1.223 0.431 |   38.7   31.2   13.2 1.241 0.422 |   20.5   17.7    9.4 1.160 0.531
 111   3.70 |   64.2   52.4   22.6 1.224 0.430 |   38.7   31.2   13.1 1.243 0.421 |   20.5   17.7    9.3 1.161 0.528
 112   3.73 |   64.2   52.5   22.6 1.224 0.430 |   38.8   31.2   13.2 1.242 0.421 |   20.5   17.7    9.3 1.162 0.527
 113   3.77 |   64.1   52.3   22.5 1.225 0.430 |   38.7   31.2   13.1 1.241 0.420 |   20.5   17.6    9.3 1.164 0.528
 114   3.80 |   64.2   52.4   22.5 1.225 0.430 |   38.7   31.2   13.1 1.242 0.421 |   20.5   17.6    9.3 1.164 0.528
 115   3.83 |   64.2   52.4   22.5 1.225 0.430 |   38.7   31.2   13.2 1.241 0.422 |   20.5   17.6    9.3 1.164 0.527
 116   3.87 |   64.2   52.4   22.5 1.225 0.430 |   38.7   31.2   13.1 1.241 0.422 |   20.5   17.6    9.3 1.163 0.530
 117   3.90 |   64.2   52.4   22.6 1.224 0.430 |   38.8   31.2   13.1 1.242 0.421 |   20.6   17.7    9.4 1.162 0.528
 118   3.93 |   64.3   52.5   22.6 1.224 0.430 |   38.8   31.3   13.2 1.241 0.422 |   20.7   17.8    9.4 1.161 0.529
 119   3.97 |   64.3   52.5   22.6 1.224 0.431 |   38.8   31.3   13.2 1.240 0.421 |   20.8   17.9    9.5 1.162 0.531
 120   4.00 |   64.4   52.7   22.7 1.223 0.432 |   38.8   31.3   13.2 1.240 0.423 |   20.8   18.0    9.6 1.159 0.533
 121   4.03 |   64.6   52.9   22.8 1.222 0.432 |   38.9   31.4   13.3 1.239 0.422 |   20.9   18.1    9.7 1.157 0.533
 122   4.07 |   64.6   52.9   22.8 1.222 0.432 |   38.9   31.4   13.2 1.240 0.422 |   21.1   18.2    9.7 1.157 0.532
 123   4.10 |   64.8   53.0   22.9 1.221 0.432 |   39.0   31.5   13.3 1.239 0.422 |   21.2   18.4    9.8 1.154 0.534
 124   4.13 |   64.9   53.2   23.0 1.221 0.433 |   39.0   31.5   13.3 1.237 0.422 |   21.4   18.5    9.9 1.154 0.533
 125   4.17 |   64.8   53.2   23.0 1.219 0.434 |   38.9   31.4   13.3 1.237 0.424 |   21.3   18.6   10.0 1.147 0.536
 126   4.20 |   65.0   53.3   23.1 1.219 0.433 |   39.0   31.5   13.3 1.237 0.422 |   21.5   18.8   10.1 1.146 0.537
 127   4.23 |   65.2   53.5   23.2 1.218 0.434 |   39.1   31.6   13.4 1.238 0.423 |   21.6   18.9   10.1 1.145 0.537
 128   4.27 |   65.2   53.5   23.2 1.217 0.434 |   39.1   31.6   13.4 1.237 0.423 |   21.8   19.0   10.2 1.143 0.538
 129   4.30 |   65.3   53.7   23.3 1.216 0.435 |   39.1   31.7   13.4 1.234 0.424 |   21.9   19.2   10.4 1.140 0.540
 130   4.33 |   65.4   53.8   23.4 1.216 0.436 |   39.2   31.7   13.4 1.235 0.423 |   22.0   19.3   10.5 1.138 0.542
 131   4.37 |   65.4   53.9   23.5 1.214 0.436 |   39.1   31.7   13.4 1.234 0.424 |   22.1   19.5   10.6 1.135 0.542
 132   4.40 |   65.6   54.0   23.6 1.214 0.436 |   39.2   31.8   13.4 1.235 0.423 |   22.3   19.7   10.7 1.134 0.543
 133   4.43 |   65.8   54.3   23.7 1.212 0.437 |   39.3   31.9   13.6 1.231 0.425 |   22.5   19.9   10.9 1.131 0.546
 134   4.47 |   65.8   54.3   23.8 1.212 0.437 |   39.3   31.9   13.5 1.233 0.424 |   22.6   20.0   10.9 1.129 0.546
 135   4.50 |   66.0   54.5   23.9 1.210 0.438 |   39.3   32.0   13.6 1.231 0.425 |   22.8   20.2   11.1 1.126 0.547
 136   4.53 |   66.2   54.8   24.0 1.209 0.439 |   39.5   32.1   13.7 1.230 0.425 |   23.0   20.5   11.2 1.122 0.548
 137   4.57 |   66.3   54.9   24.1 1.207 0.440 |   39.5   32.1   13.7 1.230 0.426 |   23.1   20.7   11.4 1.119 0.550
 138   4.60 |   66.3   55.0   24.2 1.207 0.441 |   39.5   32.2   13.7 1.228 0.426 |   23.2   20.8   11.5 1.117 0.552
 139   4.63 |   66.6   55.2   24.3 1.207 0.440 |   39.7   32.3   13.7 1.229 0.425 |   23.4   21.0   11.5 1.118 0.550
 140   4.67 |   66.5   55.2   24.3 1.205 0.441 |   39.6   32.3   13.8 1.227 0.427 |   23.5   21.0   11.6 1.115 0.552
 141   4.70 |   66.7   55.3   24.4 1.205 0.441 |   39.6   32.3   13.8 1.226 0.426 |   23.5   21.1   11.7 1.114 0.553
 142   4.73 |   66.8   55.5   24.5 1.205 0.441 |   39.7   32.4   13.8 1.226 0.426 |   23.7   21.3   11.8 1.114 0.553
 143   4.77 |   66.7   55.4   24.5 1.204 0.442 |   39.7   32.3   13.8 1.227 0.427 |   23.7   21.3   11.8 1.111 0.555
 144   4.80 |   66.9   55.6   24.6 1.203 0.442 |   39.8   32.4   13.8 1.227 0.427 |   23.9   21.5   11.9 1.111 0.554
 145   4.83 |   67.0   55.8   24.7 1.202 0.443 |   39.8   32.5   13.9 1.225 0.428 |   23.9   21.6   12.0 1.108 0.556
 146   4.87 |   67.0   55.7   24.7 1.202 0.443 |   39.7   32.4   13.9 1.226 0.428 |   24.0   21.7   12.1 1.108 0.557
 147   4.90 |   67.1   55.8   24.7 1.202 0.443 |   39.8   32.5   13.9 1.225 0.427 |   24.1   21.8   12.1 1.107 0.557
 148   4.93 |   67.3   56.0   24.8 1.201 0.443 |   39.9   32.6   13.9 1.226 0.428 |   24.3   21.9   12.2 1.107 0.556
 149   4.97 |   67.2   56.0   24.9 1.200 0.444 |   39.8   32.5   13.9 1.223 0.428 |   24.3   22.0   12.3 1.104 0.559
 150   5.00 |   67.3   56.1   24.9 1.200 0.444 |   39.8   32.5   13.9 1.224 0.427 |   24.4   22.1   12.3 1.103 0.558
 151   5.03 |   67.4   56.2   24.9 1.200 0.444 |   39.9   32.6   13.9 1.224 0.427 |   24.5   22.2   12.4 1.103 0.557
 152   5.07 |   67.3   56.1   24.9 1.200 0.444 |   39.8   32.6   13.9 1.224 0.428 |   24.5   22.3   12.5 1.100 0.559
 153   5.10 |   67.6   56.3   25.0 1.200 0.444 |   39.9   32.6   14.0 1.224 0.428 |   24.7   22.4   12.5 1.101 0.559
 154   5.13 |   67.6   56.4   25.1 1.198 0.445 |   40.0   32.7   14.0 1.223 0.428 |   24.8   22.5   12.6 1.099 0.558
 155   5.17 |   67.6   56.4   25.1 1.198 0.445 |   39.9   32.6   14.0 1.223 0.428 |   24.8   22.6   12.7 1.098 0.560
 156   5.20 |   67.7   56.6   25.2 1.197 0.446 |   40.0   32.7   14.0 1.222 0.429 |   24.9   22.7   12.7 1.096 0.560
 157   5.23 |   67.9   56.7   25.3 1.197 0.446 |   40.1   32.8   14.0 1.223 0.428 |   25.0   22.8   12.8 1.096 0.561
 158   5.27 |   67.8   56.7   25.3 1.197 0.446 |   40.0   32.7   14.0 1.221 0.429 |   25.1   22.9   12.9 1.095 0.561
 159   5.30 |   67.9   56.8   25.3 1.196 0.446 |   40.1   32.8   14.0 1.221 0.428 |   25.2   23.0   12.9 1.095 0.562
 160   5.33 |   68.0   56.9   25.4 1.196 0.447 |   40.2   32.9   14.1 1.222 0.429 |   25.2   23.1   13.0 1.093 0.563
 161   5.37 |   67.9   56.9   25.4 1.195 0.447 |   40.0   32.8   14.1 1.220 0.429 |   25.2   23.1   13.0 1.093 0.563
 162   5.40 |   68.0   56.9   25.4 1.195 0.447 |   40.1   32.8   14.1 1.221 0.430 |   25.2   23.1   13.0 1.092 0.563
 163   5.43 |   68.0   56.9   25.4 1.195 0.447 |   40.1   32.9   14.1 1.221 0.429 |   25.2   23.1   13.0 1.093 0.563
 164   5.47 |   67.8   56.8   25.4 1.195 0.447 |   40.0   32.8   14.1 1.221 0.430 |   25.1   23.0   13.0 1.091 0.564
 165   5.50 |   67.9   56.8   25.3 1.196 0.446 |   40.1   32.8   14.1 1.221 0.429 |   25.2   23.0   12.9 1.093 0.562
 166   5.53 |   68.0   56.8   25.3 1.197 0.446 |   40.1   32.8   14.1 1.222 0.428 |   25.1   22.9   12.9 1.096 0.562
 167   5.57 |   67.7   56.6   25.2 1.196 0.446 |   40.0   32.7   14.1 1.221 0.429 |   25.0   22.8   12.8 1.094 0.561
 168   5.60 |   67.7   56.5   25.2 1.197 0.446 |   40.0   32.7   14.0 1.223 0.429 |   24.9   22.7   12.8 1.097 0.562
 169   5.63 |   67.7   56.5   25.2 1.198 0.446 |   40.0   32.7   14.0 1.223 0.429 |   24.8   22.6   12.7 1.097 0.561
 170   5.67 |   67.5   56.4   25.1 1.198 0.445 |   39.9   32.6   14.0 1.224 0.429 |   24.7   22.5   12.6 1.098 0.561
 171   5.70 |   67.5   56.3   25.1 1.199 0.445 |   39.9   32.6   14.0 1.222 0.429 |   24.6   22.4   12.6 1.100 0.561
 172   5.73 |   67.5   56.3   25.0 1.199 0.445 |   39.9   32.6   14.0 1.223 0.428 |   24.6   22.3   12.5 1.102 0.560
 173   5.77 |   67.3   56.1   24.9 1.200 0.444 |   39.8   32.5   13.9 1.224 0.428 |   24.4   22.2   12.4 1.101 0.559
 174   5.80 |   67.3   56.1   24.9 1.200 0.444 |   39.9   32.6   13.9 1.225 0.427 |   24.4   22.1   12.4 1.103 0.559
 175   5.83 |   67.3   56.1   24.9 1.201 0.444 |   39.9   32.6   14.0 1.225 0.428 |   24.4   22.1   12.3 1.104 0.558
 176   5.87 |   67.2   55.9   24.8 1.201 0.444 |   39.8   32.5   13.9 1.224 0.428 |   24.2   22.0   12.3 1.103 0.560
 177   5.90 |   67.2   55.9   24.8 1.202 0.443 |   39.8   32.5   13.9 1.226 0.428 |   24.2   21.9   12.2 1.106 0.557
 178   5.93 |   67.2   55.9   24.8 1.202 0.444 |   39.9   32.5   13.9 1.226 0.428 |   24.2   21.9   12.2 1.106 0.558
 179   5.97 |   67.0   55.8   24.7 1.202 0.443 |   39.8   32.5   13.9 1.225 0.427 |   24.1   21.8   12.1 1.107 0.556
 180   6.00 |   67.0   55.8   24.7 1.202 0.443 |   39.8   32.5   13.9 1.225 0.427 |   24.0   21.7   12.1 1.106 0.557
 181   6.03 |   67.1   55.8   24.7 1.203 0.442 |   39.8   32.5   13.9 1.226 0.427 |   24.0   21.7   12.1 1.108 0.555
 182   6.07 |   67.0   55.7   24.6 1.203 0.443 |   39.8   32.4   13.8 1.226 0.427 |   24.0   21.6   12.0 1.109 0.556
 183   6.10 |   66.9   55.7   24.7 1.202 0.443 |   39.7   32.4   13.9 1.225 0.428 |   23.9   21.6   12.0 1.106 0.557
 184   6.13 |   67.0   55.7   24.7 1.203 0.443 |   39.8   32.5   13.9 1.225 0.428 |   24.0   21.6   12.0 1.110 0.556
 185   6.17 |   66.9   55.6   24.6 1.203 0.443 |   39.7   32.4   13.9 1.225 0.428 |   23.8   21.5   12.0 1.108 0.557
 186   6.20 |   66.9   55.6   24.6 1.203 0.442 |   39.8   32.4   13.8 1.226 0.427 |   23.9   21.5   11.9 1.110 0.555
 187   6.23 |   67.0   55.6   24.6 1.204 0.442 |   39.8   32.4   13.9 1.227 0.428 |   23.9   21.5   11.9 1.111 0.555
 188   6.27 |   66.8   55.5   24.6 1.204 0.442 |   39.7   32.4   13.8 1.226 0.427 |   23.7   21.4   11.9 1.109 0.556
 189   6.30 |   66.8   55.5   24.5 1.204 0.442 |   39.7   32.4   13.8 1.226 0.427 |   23.8   21.4   11.9 1.112 0.555
 190   6.33 |   66.9   55.6   24.6 1.204 0.442 |   39.8   32.4   13.9 1.227 0.428 |   23.7   21.4   11.9 1.111 0.556
 191   6.37 |   66.7   55.4   24.5 1.204 0.442 |   39.7   32.3   13.8 1.226 0.427 |   23.6   21.3   11.8 1.111 0.556
 192   6.40 |   66.7   55.4   24.5 1.204 0.442 |   39.7   32.4   13.8 1.226 0.427 |   23.6   21.3   11.8 1.112 0.554
 193   6.43 |   66.7   55.4   24.5 1.203 0.442 |   39.7   32.4   13.8 1.225 0.427 |   23.6   21.2   11.8 1.112 0.555
 194   6.47 |   66.8   55.4   24.5 1.204 0.442 |   39.7   32.4   13.8 1.227 0.428 |   23.6   21.2   11.8 1.112 0.554
 195   6.50 |   66.7   55.4   24.5 1.204 0.441 |   39.7   32.4   13.8 1.226 0.426 |   23.6   21.2   11.7 1.113 0.553
 196   6.53 |   66.8   55.4   24.5 1.205 0.441 |   39.8   32.4   13.8 1.227 0.426 |   23.6   21.2   11.7 1.112 0.554
 197   6.57 |   66.7   55.4   24.4 1.205 0.441 |   39.7   32.3   13.8 1.228 0.426 |   23.5   21.1   11.7 1.114 0.554
 198   6.60 |   66.7   55.4   24.5 1.204 0.442 |   39.7   32.4   13.8 1.227 0.427 |   23.5   21.1   11.7 1.113 0.554
 199   6.63 |   66.8   55.4   24.5 1.205 0.442 |   39.8   32.4   13.9 1.226 0.428 |   23.5   21.1   11.7 1.113 0.554
 200   6.67 |   66.6   55.3   24.4 1.204 0.442 |   39.7   32.3   13.8 1.226 0.427 |   23.5   21.1   11.7 1.113 0.555
 201   6.70 |   66.6   55.3   24.4 1.205 0.442 |   39.7   32.3   13.8 1.228 0.427 |   23.5   21.1   11.7 1.114 0.555
 202   6.73 |   66.7   55.4   24.4 1.205 0.441 |   39.8   32.4   13.8 1.227 0.426 |   23.5   21.1   11.7 1.114 0.553
 203   6.77 |   66.6   55.3   24.4 1.204 0.441 |   39.6   32.3   13.8 1.227 0.427 |   23.4   21.0   11.7 1.112 0.554
 204   6.80 |   66.6   55.2   24.4 1.205 0.441 |   39.7   32.3   13.8 1.228 0.426 |   23.4   21.0   11.6 1.115 0.554
 205   6.83 |   66.7   55.4   24.4 1.205 0.441 |   39.8   32.4   13.8 1.227 0.427 |   23.4   21.0   11.6 1.114 0.552
 206   6.87 |   66.6   55.2   24.4 1.206 0.442 |   39.7   32.3   13.8 1.227 0.427 |   23.4   21.0   11.6 1.116 0.555
 207   6.90 |   66.6   55.2   24.4 1.205 0.441 |   39.7   32.3   13.8 1.228 0.427 |   23.3   20.9   11.6 1.113 0.554
 208   6.93 |   66.7   55.3   24.4 1.206 0.441 |   39.8   32.4   13.8 1.229 0.427 |   23.4   20.9   11.6 1.117 0.553
 209   6.97 |   66.5   55.2   24.4 1.205 0.441 |   39.6   32.3   13.8 1.227 0.428 |   23.3   20.9   11.6 1.116 0.554
 210   7.00 |   66.5   55.2   24.3 1.205 0.441 |   39.7   32.3   13.8 1.227 0.427 |   23.3   20.9   11.5 1.115 0.553
 211   7.03 |   66.6   55.3   24.4 1.206 0.441 |   39.8   32.4   13.8 1.228 0.426 |   23.3   20.9   11.5 1.117 0.553
 212   7.07 |   66.5   55.2   24.3 1.206 0.441 |   39.6   32.3   13.8 1.226 0.427 |   23.3   20.9   11.5 1.116 0.553
 213   7.10 |   66.4   55.1   24.3 1.206 0.441 |   39.7   32.3   13.8 1.228 0.427 |   23.3   20.9   11.5 1.115 0.553
 214   7.13 |   66.6   55.2   24.4 1.206 0.441 |   39.7   32.4   13.8 1.227 0.427 |   23.3   20.9   11.6 1.115 0.554
 215   7.17 |   66.5   55.1   24.3 1.205 0.441 |   39.6   32.3   13.8 1.228 0.426 |   23.2   20.8   11.5 1.114 0.553
 216   7.20 |   66.5   55.1   24.3 1.206 0.441 |   39.6   32.3   13.8 1.228 0.428 |   23.2   20.8   11.6 1.115 0.554
 217   7.23 |   66.5   55.2   24.3 1.206 0.441 |   39.7   32.3   13.8 1.227 0.426 |   23.3   20.9   11.5 1.115 0.553
 218   7.27 |   66.4   55.1   24.3 1.206 0.441 |   39.6   32.3   13.8 1.227 0.427 |   23.3   20.9   11.5 1.115 0.553
 219   7.30 |   66.4   55.1   24.3 1.206 0.440 |   39.6   32.3   13.7 1.228 0.426 |   23.3   20.8   11.5 1.116 0.553
 220   7.33 |   66.5   55.2   24.3 1.206 0.441 |   39.7   32.3   13.8 1.228 0.427 |   23.3   20.9   11.6 1.114 0.554
 221   7.37 |   66.4   55.1   24.2 1.206 0.440 |   39.6   32.3   13.7 1.228 0.425 |   23.3   20.8   11.5 1.116 0.553
 222   7.40 |   66.4   55.1   24.2 1.207 0.440 |   39.6   32.2   13.7 1.229 0.425 |   23.3   20.9   11.5 1.116 0.553
 223   7.43 |   66.4   55.1   24.3 1.206 0.440 |   39.7   32.3   13.8 1.229 0.426 |   23.3   20.9   11.5 1.115 0.553
 224   7.47 |   66.4   55.0   24.2 1.207 0.440 |   39.6   32.2   13.7 1.229 0.424 |   23.3   20.8   11.5 1.118 0.553
 225   7.50 |   66.4   55.0   24.2 1.206 0.440 |   39.6   32.2   13.7 1.230 0.426 |   23.2   20.8   11.5 1.115 0.554
 226   7.53 |   66.4   55.1   24.3 1.206 0.440 |   39.6   32.3   13.7 1.228 0.426 |   23.2   20.9   11.5 1.115 0.554
 227   7.57 |   66.4   55.0   24.2 1.207 0.441 |   39.5   32.2   13.7 1.228 0.427 |   23.3   20.9   11.6 1.116 0.555
 228   7.60 |   66.3   54.9   24.2 1.206 0.440 |   39.5   32.1   13.7 1.228 0.426 |   23.2   20.8   11.5 1.115 0.553
 229   7.63 |   66.4   55.0   24.2 1.208 0.440 |   39.6   32.2   13.7 1.230 0.425 |   23.2   20.8   11.5 1.116 0.553
 230   7.67 |   66.2   54.8   24.1 1.208 0.439 |   39.4   32.0   13.6 1.231 0.424 |   23.2   20.8   11.5 1.115 0.552
 231   7.70 |   66.2   54.8   24.1 1.208 0.439 |   39.4   32.0   13.6 1.231 0.424 |   23.2   20.8   11.5 1.116 0.553
 232   7.73 |   66.3   54.9   24.1 1.209 0.439 |   39.5   32.1   13.6 1.232 0.425 |   23.3   20.8   11.5 1.117 0.553
 233   7.77 |   66.2   54.7   24.0 1.209 0.439 |   39.4   32.0   13.5 1.233 0.423 |   23.3   20.8   11.5 1.118 0.551
 234   7.80 |   66.1   54.6   24.0 1.209 0.439 |   39.3   31.9   13.5 1.233 0.424 |   23.2   20.8   11.5 1.114 0.553
 235   7.83 |   66.2   54.7   24.0 1.209 0.439 |   39.4   32.0   13.6 1.232 0.424 |   23.2   20.8   11.5 1.116 0.552
 236   7.87 |   66.0   54.6   23.9 1.209 0.439 |   39.3   31.9   13.5 1.233 0.424 |   23.2   20.8   11.5 1.116 0.552
 237   7.90 |   66.1   54.6   24.0 1.210 0.439 |   39.3   31.8   13.5 1.234 0.424 |   23.2   20.8   11.5 1.116 0.553
 238   7.93 |   66.1   54.6   23.9 1.211 0.438 |   39.4   31.9   13.5 1.235 0.423 |   23.3   20.8   11.4 1.119 0.551
 239   7.97 |   65.9   54.4   23.8 1.211 0.438 |   39.2   31.8   13.4 1.234 0.423 |   23.2   20.7   11.4 1.119 0.551
 240   8.00 |   65.9   54.4   23.8 1.212 0.438 |   39.2   31.7   13.4 1.236 0.424 |   23.2   20.7   11.4 1.120 0.550
 241   8.03 |   66.0   54.4   23.8 1.212 0.437 |   39.2   31.8   13.4 1.236 0.423 |   23.1   20.6   11.4 1.121 0.552
 242   8.07 |   65.9   54.3   23.7 1.213 0.437 |   39.2   31.7   13.4 1.237 0.422 |   23.2   20.6   11.4 1.122 0.551
 243   8.10 |   65.8   54.3   23.7 1.213 0.437 |   39.2   31.7   13.4 1.237 0.422 |   23.1   20.6   11.4 1.120 0.551
 244   8.13 |   66.0   54.4   23.8 1.213 0.437 |   39.3   31.8   13.4 1.237 0.422 |   23.2   20.7   11.4 1.121 0.551
 245   8.17 |   65.9   54.4   23.8 1.212 0.437 |   39.2   31.7   13.4 1.236 0.423 |   23.1   20.7   11.4 1.119 0.551
 246   8.20 |   66.0   54.5   23.8 1.212 0.437 |   39.2   31.8   13.4 1.236 0.423 |   23.2   20.7   11.4 1.119 0.551
 247   8.23 |   66.1   54.6   23.9 1.211 0.438 |   39.3   31.8   13.5 1.235 0.423 |   23.3   20.8   11.5 1.120 0.550
 248   8.27 |   66.2   54.6   23.9 1.211 0.438 |   39.3   31.8   13.5 1.235 0.423 |   23.3   20.9   11.5 1.117 0.550
 249   8.30 |   66.2   54.7   24.0 1.210 0.438 |   39.4   31.9   13.5 1.234 0.424 |   23.3   20.9   11.5 1.118 0.552
 250   8.33 |   66.3   54.8   24.0 1.210 0.438 |   39.4   32.0   13.5 1.233 0.424 |   23.3   20.9   11.5 1.118 0.551
 251   8.37 |   66.2   54.7   24.0 1.210 0.438 |   39.4   31.9   13.5 1.234 0.424 |   23.3   20.8   11.5 1.119 0.551
 252   8.40 |   66.2   54.7   24.0 1.210 0.439 |   39.4   31.9   13.5 1.234 0.423 |   23.3   20.9   11.5 1.118 0.552
 253   8.43 |   66.3   54.8   24.1 1.209 0.439 |   39.4   32.0   13.6 1.233 0.425 |   23.3   20.9   11.6 1.116 0.553
 254   8.47 |   66.2   54.8   24.0 1.209 0.439 |   39.4   32.0   13.6 1.232 0.424 |   23.3   20.9   11.5 1.116 0.551
 255   8.50 |   66.3   54.9   24.1 1.208 0.439 |   39.4   32.0   13.6 1.232 0.425 |   23.4   21.0   11.6 1.114 0.553
 256   8.53 |   66.4   55.0   24.2 1.208 0.439 |   39.6   32.1   13.6 1.232 0.425 |   23.4   21.0   11.6 1.114 0.553
 257   8.57 |   66.3   54.9   24.2 1.207 0.440 |   39.5   32.1   13.6 1.231 0.425 |   23.4   21.0   11.7 1.113 0.554
 258   8.60 |   66.3   55.0   24.2 1.207 0.440 |   39.5   32.0   13.6 1.231 0.425 |   23.4   21.0   11.6 1.112 0.554
 259   8.63 |   66.5   55.1   24.2 1.207 0.440 |   39.6   32.2   13.7 1.231 0.425 |   23.5   21.1   11.7 1.114 0.553
 260   8.67 |   66.4   55.0   24.2 1.207 0.440 |   39.5   32.1   13.6 1.231 0.425 |   23.5   21.1   11.7 1.112 0.555
 261   8.70 |   66.5   55.1   24.3 1.206 0.440 |   39.5   32.2   13.7 1.229 0.425 |   23.5   21.2   11.7 1.112 0.555
 262   8.73 |   66.6   55.2   24.3 1.206 0.440 |   39.6   32.2   13.7 1.229 0.426 |   23.6   21.2   11.8 1.113 0.555
 263   8.77 |   66.5   55.1   24.3 1.206 0.440 |   39.6   32.2   13.7 1.230 0.425 |   23.6   21.2   11.7 1.112 0.553
 264   8.80 |   66.5   55.2   24.3 1.205 0.441 |   39.5   32.2   13.7 1.228 0.426 |   23.6   21.2   11.8 1.110 0.554
 265   8.83 |   66.6   55.3   24.3 1.206 0.440 |   39.6   32.2   13.7 1.230 0.425 |   23.6   21.3   11.8 1.109 0.554
 266   8.87 |   66.6   55.2   24.3 1.206 0.440 |   39.6   32.2   13.7 1.230 0.425 |   23.7   21.3   11.8 1.113 0.553
 267   8.90 |   66.6   55.2   24.3 1.205 0.441 |   39.6   32.2   13.7 1.229 0.426 |   23.6   21.3   11.8 1.109 0.554
 268   8.93 |   66.7   55.4   24.4 1.205 0.441 |   39.7   32.3   13.8 1.229 0.426 |   23.7   21.3   11.8 1.111 0.555
 269   8.97 |   66.6   55.2   24.4 1.206 0.441 |   39.6   32.2   13.7 1.229 0.426 |   23.7   21.3   11.8 1.111 0.555
 270   9.00 |   66.6   55.3   24.4 1.206 0.441 |   39.6   32.2   13.7 1.229 0.426 |   23.7   21.3   11.8 1.112 0.555
 271   9.03 |   66.7   55.4   24.4 1.205 0.441 |   39.7   32.3   13.8 1.228 0.427 |   23.8   21.4   11.9 1.109 0.556
 272   9.07 |   66.7   55.3   24.4 1.206 0.441 |   39.6   32.2   13.7 1.229 0.426 |   23.7   21.4   11.9 1.111 0.555
 273   9.10 |   66.7   55.3   24.4 1.205 0.440 |   39.6   32.3   13.7 1.228 0.425 |   23.8   21.4   11.8 1.112 0.554
 274   9.13 |   66.8   55.4   24.5 1.205 0.441 |   39.7   32.3   13.8 1.227 0.426 |   23.8   21.4   11.9 1.109 0.556
 275   9.17 |   66.7   55.3   24.4 1.205 0.441 |   39.6   32.3   13.7 1.228 0.425 |   23.8   21.4   11.9 1.110 0.555
 276   9.20 |   66.7   55.3   24.4 1.205 0.441 |   39.6   32.3   13.7 1.228 0.426 |   23.8   21.4   11.9 1.110 0.556
 277   9.23 |   66.8   55.4   24.4 1.205 0.441 |   39.7   32.3   13.8 1.229 0.426 |   23.8   21.4   11.9 1.110 0.554
 278   9.27 |   66.8   55.4   24.4 1.206 0.441 |   39.6   32.3   13.7 1.228 0.426 |   23.8   21.4   11.9 1.110 0.554
 279   9.30 |   66.7   55.4   24.5 1.204 0.442 |   39.6   32.3   13.7 1.226 0.426 |   23.8   21.4   11.9 1.110 0.558
 280   9.33 |   66.8   55.4   24.4 1.206 0.441 |   39.7   32.3   13.7 1.229 0.425 |   23.8   21.4   11.9 1.111 0.555
 281   9.37 |   66.7   55.4   24.4 1.205 0.441 |   39.7   32.3   13.8 1.228 0.426 |   23.8   21.4   11.9 1.112 0.556
 282   9.40 |   66.7   55.4   24.4 1.205 0.442 |   39.6   32.3   13.8 1.229 0.426 |   23.8   21.5   11.9 1.110 0.556
 283   9.43 |   66.8   55.4   24.4 1.205 0.441 |   39.7   32.3   13.8 1.228 0.426 |   23.8   21.5   11.9 1.110 0.554
 284   9.47 |   66.7   55.3   24.4 1.205 0.441 |   39.6   32.2   13.8 1.228 0.427 |   23.7   21.4   11.9 1.109 0.555
 285   9.50 |   66.7   55.3   24.4 1.205 0.441 |   39.6   32.2   13.7 1.230 0.426 |   23.8   21.4   11.9 1.110 0.554
 286   9.53 |   66.8   55.4   24.4 1.205 0.441 |   39.7   32.3   13.7 1.229 0.425 |   23.8   21.4   11.9 1.110 0.555
 287   9.57 |   66.7   55.3   24.4 1.206 0.441 |   39.6   32.3   13.7 1.228 0.426 |   23.8   21.4   11.9 1.111 0.557
 288   9.60 |   66.7   55.4   24.4 1.205 0.441 |   39.7   32.3   13.7 1.230 0.426 |   23.7   21.4   11.9 1.111 0.556
 289   9.63 |   66.7   55.4   24.4 1.205 0.441 |   39.7   32.3   13.8 1.227 0.426 |   23.7   21.4   11.9 1.109 0.556
 290   9.67 |   66.6   55.3   24.4 1.206 0.441 |   39.6   32.2   13.7 1.228 0.426 |   23.7   21.3   11.9 1.112 0.556
 291   9.70 |   66.6   55.3   24.4 1.206 0.441 |   39.6   32.2   13.7 1.228 0.426 |   23.7   21.3   11.8 1.112 0.555
 292   9.73 |   66.7   55.3   24.3 1.206 0.440 |   39.7   32.3   13.7 1.229 0.425 |   23.7   21.3   11.8 1.112 0.554
 293   9.77 |   66.6   55.2   24.3 1.206 0.440 |   39.6   32.2   13.7 1.228 0.426 |   23.7   21.3   11.8 1.112 0.554
 294   9.80 |   66.6   55.2   24.3 1.207 0.440 |   39.6   32.2   13.7 1.230 0.425 |   23.7   21.3   11.8 1.112 0.553
 295   9.83 |   66.6   55.2   24.3 1.206 0.440 |   39.6   32.2   13.7 1.229 0.424 |   23.6   21.3   11.8 1.113 0.553
 296   9.87 |   66.5   55.1   24.2 1.207 0.440 |   39.6   32.2   13.7 1.231 0.424 |   23.6   21.2   11.7 1.113 0.553
 297   9.90 |   66.5   55.1   24.2 1.207 0.439 |   39.6   32.1   13.6 1.231 0.425 |   23.6   21.2   11.7 1.113 0.552
 298   9.93 |   66.5   55.1   24.3 1.207 0.440 |   39.6   32.2   13.7 1.229 0.425 |   23.5   21.1   11.7 1.112 0.554
 299   9.97 |   66.4   55.0   24.2 1.207 0.440 |   39.5   32.1   13.6 1.231 0.425 |   23.5   21.1   11.7 1.115 0.554
